1014914922,1014014833,20
1014914922,1014014833,21
1014914922,1014014833,22
1014914922,1014014833,23
1014914922,1014014833,24
1014914922,1014014833,25
1014914922,1014014833,26
1014914922,1014014833,27
1014914922,1014014833,28
1014914922,1014014833,29
1014914922,1014014833,30
1014914922,1014014833,31
1014914922,1014014833,32
1014914922,1014014833,33
1014914922,1014014833,34
1014914922,1014014833,35
1014914922,1014014833,36
1014914922,1014014833,37
1014914922,1014014833,38
1014914922,1014014833,39
1014914922,1014014833,40
1014914922,1014014833,41
1014914922,1014014833,42
1014914922,1014014833,43
1014914922,1014014833,44
1014914922,1014014833,45
1014914922,1014014833,46
1014914922,1014014833,47
1014914922,1014014833,48
1014914922,1014014833,49
1014914922,1014014833,50